115    2.28247798169458527e+00
120    2.30235944325280650e+00 
125    2.32213287532203916e+00 
130    2.34181738907012793e+00 
135    2.36112599495243636e+00 
140    2.38035968771299311e+00 
145    2.39933868463137090e+00 
150    2.41822203042399408e+00 
160    2.45517357729500096e+00 
170    2.49149437919271000e+00 
180    2.52756360100576583e+00 
190    2.56317823302101555e+00 
200    2.59828944000240902e+00 
250    2.76950490666273152e+00 
300    2.93401235550282902e+00 
350    3.09568394935341029e+00 
400    3.25185029877345677e+00 
450    3.42077802448597978e+00 
500    3.58425370459295145e+00 
550    3.75941176078982231e+00 
600    3.92913230995110263e+00 





















